[[[ 0.17371375  0.37735301 -0.00056927 ... -0.11078431 -0.04312911
    0.41357748]
  [-0.46958833 -0.17391533  0.43560305 ... -0.47161585 -0.47778612
    0.07218804]
  [ 0.18942811 -0.22859936 -0.39036471 ... -0.05539136  0.10785556
    0.42912445]
  ...
  [-0.15138858 -0.30404469  0.16338388 ... -0.4434076   0.06359712
    0.03684586]
  [ 0.00860051 -0.33921834 -0.21861862 ...  0.48301537  0.22119491
   -0.48073746]
  [ 0.32905834 -0.46278783  0.03179129 ...  0.23561973 -0.4329769
    0.16999367]]] [[[ 0.38317535]
  [ 0.29132506]
  [ 0.08313576]
  [-0.34361051]
  [-0.46088368]
  [-0.14278481]
  [-0.4364469 ]
  [ 0.11031834]
  [ 0.48798969]
  [-0.42396431]]] [[-0.21068767  0.32746653 -0.27564139 -0.43462843 -0.30643932  0.4936188
  -0.43401658  0.15707518  0.00170647  0.36618417]
 [ 0.08068502 -0.33679929 -0.32653697  0.14877286 -0.11415983 -0.38114335
  -0.46858396 -0.025179   -0.10304875 -0.18646517]
 [-0.37376152 -0.04908169 -0.00159678  0.39958854 -0.18233448 -0.47081805
   0.40124804 -0.37278145 -0.00132418 -0.05319986]
 [-0.2509171   0.17391171  0.32001652 -0.45290429 -0.00473348  0.07255663
  -0.03013996  0.34334912 -0.19489978 -0.10175442]
 [-0.27772839 -0.32137387 -0.15454857 -0.13735001 -0.44238851 -0.27599569
   0.42249755  0.11469388 -0.26958224 -0.41545458]
 [-0.26296033  0.24345142 -0.27344376  0.01051702  0.36350949 -0.38017554
   0.44943248 -0.28790454  0.15251322  0.08689836]
 [-0.41120236  0.08245645  0.28335981  0.15658704  0.26202057  0.12321152
   0.30646867 -0.24349651 -0.28392827  0.1894085 ]
 [ 0.30261395 -0.22483865 -0.35077009 -0.14537013 -0.3320755  -0.33079658
  -0.37353785 -0.34353745 -0.47399663  0.24018738]
 [ 0.44722406 -0.12698318  0.13571244 -0.26997534 -0.46569011  0.49511727
  -0.25701975  0.26118376  0.14838508  0.31020136]
 [ 0.26685611  0.46152072 -0.40076394  0.26335615  0.32980452  0.3991701
  -0.23832062 -0.48230347 -0.03228181 -0.05575044]] [[-0.36443407]
 [ 0.04817241]
 [ 0.03447934]
 [ 0.20352883]
 [-0.02455885]
 [-0.42287382]
 [ 0.44796314]
 [ 0.48542082]
 [-0.08763333]
 [-0.44801329]]